13 3 5 7 9 20 25 30 40 55 56 57 60 62
11 1 4 7 11 14 25 44 47 55 57 100
4 -5 100 1000 1005
3 -12 1000 1001
4 1 2 3 4
4 5 6 7 8
4 1 2 3 4
3 3 7 10
4 -30 -20 -10 10
4 -100 -80 -60 -30
6 1 2 4 6 8 20
6 22 24 26 28 30 40
6 1 4 8 20 100 500
1 1
6 1 4 8 20 100 500
1 1000
6 1 4 8 20 100 500
4 2 3 8 15
6 1 4 8 20 100 500
4 2 6 400 500
6 1 4 8 20 100 500
6 1 4 8 20 100 500
6 1 4 8 20 100 500
4 2 8 20 200
6 1 4 8 20 100 500
4 2 3 80 500
6 100 200 300 400 500 600
4 40 81 99 100
0
